in1 = rand(1);
in2 = rand(1);

divide_val = [ -1.0000000000000000000000000000000000000000000000000000000, -0.9591836734693877097868153214221820235252380371093750000, -0.9183673469387754195736306428443640470504760742187500000, -0.8775510204081632403827484267822001129388809204101562500, -0.8367346938775509501695637482043821364641189575195312500, -0.7959183673469386599563790696265641599893569946289062500, -0.7551020408163264807654968535644002258777618408203125000, -0.7142857142857141905523121749865822494029998779296875000, -0.6734693877551020113614299589244183152914047241210937500, -0.6326530612244897211482452803466003388166427612304687500, -0.5918367346938775419573630642844364047050476074218750000, -0.5510204081632652517441783857066184282302856445312500000, -0.5102040816326530725532961696444544941186904907226562500, -0.4693877551020407823401114910666365176439285278320312500, -0.4285714285714285476380780437466455623507499694824218750, -0.3877551020408163129360445964266546070575714111328125000, -0.3469387755102040782340111491066636517643928527832031250, -0.3061224489795917880208264705288456752896308898925781250, -0.2653061224489795533187930232088547199964523315429687500, -0.2244897959183673186167595758888637647032737731933593750, -0.1836734693877550839147261285688728094100952148437500000, -0.1428571428571428492126926812488818541169166564941406250, -0.1020408163265306006328714261144341435283422470092773438, -0.0612244897959183659308379787944431882351636886596679688, -0.0204081632653061208204636756136096664704382419586181641, 0.0204081632653061208204636756136096664704382419586181641, 0.0612244897959183659308379787944431882351636886596679688, 0.1020408163265306006328714261144341435283422470092773438, 0.1428571428571428492126926812488818541169166564941406250, 0.1836734693877550839147261285688728094100952148437500000, 0.2244897959183673186167595758888637647032737731933593750, 0.2653061224489795533187930232088547199964523315429687500, 0.3061224489795917880208264705288456752896308898925781250, 0.3469387755102040782340111491066636517643928527832031250, 0.3877551020408163129360445964266546070575714111328125000, 0.4285714285714285476380780437466455623507499694824218750, 0.4693877551020407823401114910666365176439285278320312500, 0.5102040816326530725532961696444544941186904907226562500, 0.5510204081632652517441783857066184282302856445312500000, 0.5918367346938775419573630642844364047050476074218750000, 0.6326530612244897211482452803466003388166427612304687500, 0.6734693877551020113614299589244183152914047241210937500, 0.7142857142857141905523121749865822494029998779296875000, 0.7551020408163264807654968535644002258777618408203125000, 0.7959183673469386599563790696265641599893569946289062500, 0.8367346938775509501695637482043821364641189575195312500, 0.8775510204081632403827484267822001129388809204101562500, 0.9183673469387754195736306428443640470504760742187500000, 0.9591836734693877097868153214221820235252380371093750000, 1.0000000000000000000000000000000000000000000000000000000];

vector_truthtable = [1.4142135623730951454746218587388284504413604736328125000,1.3856526691239146042988750195945613086223602294921875000,1.3564905598272543052473793068202212452888488769531250000,1.3577181533452975514819627278484404087066650390625000000,1.3279427334691786821707637500367127358913421630859375000,1.2987675572814136870647416799329221248626708984375000000,1.3304494704495199997040799644310027360916137695312500000,1.3000496578475906339633638708619400858879089355468750000,1.2702339852730966107685617316747084259986877441406250000,1.2410445547355730688821040530456230044364929199218750000,...
	1.3038883955072071429981406254228204488754272460937500000,1.2728543779194019247569258368457667529582977294921875000,1.2423862249162793691681372365565039217472076416015625000,1.2125265940826894794923873632797040045261383056640625000,1.1833215521897324506994664261583238840103149414062500000,1.2780790458654021080064921989105641841888427734375000000,1.2464025701716301419708088360494002699851989746093750000,1.2152714229354615316225363130797632038593292236328125000,1.1847285937714278070131967979250475764274597167968750000,1.1548207633302127739227671554544940590858459472656250000,...
	1.1255985496438918325168287992710247635841369628906250000,1.2530678720823469340928113524569198489189147949218750000,1.2207425656112800282926400541327893733978271484375000000,1.1889397276432251970845754840411245822906494140625000000,1.1577024166271701055563880800036713480949401855468750000,1.1270776548150265305991979403188452124595642089843750000,1.0971167392420906327998864071560092270374298095703125000,1.0678755470980512143341911723837256431579589843750000000,1.2289036095775180967848427826538681983947753906250000000,1.1959253325700907044648602095548994839191436767578125000,...
	1.1634443113256509594322096745599992573261260986328125000,1.1315033694391110064003669322119094431400299072265625000,1.1001495487300860798285384589689783751964569091796875000,1.0694344903325632145651979953981935977935791015625000000,1.0394148227140278528679573355475440621376037597656250000,1.0101525445522105961515535454964265227317810058593750000,1.2056371826728105034476357104722410440444946289062500000,1.1720044094172432647127379823359660804271697998046875000,1.1388413410860167562788092254777438938617706298828125000,1.1061902230912370459492422014591284096240997314453125000,...
	1.0740977442400625463392316305544227361679077148437500000,1.0426154917914123299027551183826290071010589599609375000,1.0118004290808604306306506259716115891933441162109375000,0.9817153853718932898786420082615222781896591186523437500,0.9524295420063700889912183811247814446687698364257812500,1.1833215521897326727440713511896319687366485595703125000,1.1490357763476937158486634871223941445350646972656250000,1.1151898850868775525668752379715442657470703125000000000,1.0818251657713118252246431438834406435489654541015625000,1.0489875327262363491342966881347820162773132324218750000,...
	1.0167280577209101277702529841917566955089569091796875000,0.9851035417262995474985132204892579466104507446289062500,0.9541771206172211527984927670331671833992004394531250000,0.9240188916466751667400103542604483664035797119140625000,0.8947065394605294708085807542374823242425918579101562500,1.1620114975907558374501604703254997730255126953125000000,1.1270776548150265305991979403188452124595642089843750000,1.0925517399448303468290077944402582943439483642578125000,1.0584736718277500955309733399190008640289306640625000000,1.0248881248563035395449105635634623467922210693359375000,...
	0.9918451330794176845628840055724140256643295288085937500,0.9594007570239312387982977270439732819795608520507812500,0.9276178103970212918127913326316047459840774536132812500,0.8965666382240324860930513750645332038402557373046875000,0.8663259296649438168103074531245511025190353393554687500,0.8369835369146888526259431273501832038164138793945312500,1.1417633249550502849700706065050326287746429443359375000,1.1061902230912370459492422014591284096240997314453125000,1.0709911643593408303587466434692032635211944580078125000,1.0362042673294777905823593755485489964485168457031250000,...
	1.0018724660109041835198695480357855558395385742187500000,0.9680441816841975910534756621927954256534576416015625000,0.9347740808652070798601130263705272227525711059570312500,0.9021239226653200438121871229668613523244857788085937500,0.8701634940950139229798310225305613130331039428710937500,0.8389716241263045493070649172295816242694854736328125000,0.8086372553534264540076037519611418247222900390625000000,0.7792605343688482344433055004628840833902359008789062500,1.1226344930183727033323748401016928255558013916015625000,1.0864352370780541168215904690441675484180450439453125000,...
